19 0.935546875 0.91796875 1.0 0.65625
14 1.0 0.68359375 0.37109375 0.4296875
14 0.470703125 0.787109375 0.34765625 0.41796875
13 1.0 0.3671875 0.27734375 0.6015625
13 1.0 0.369140625 0.31640625 0.33984375
13 1.0 0.34375 0.14453125 0.265625
8 0.30078125 0.501953125 0.109375 0.25390625
8 1.0 0.4140625 0.046875 0.1484375
8 1.0 0.431640625 0.1875 0.16015625
8 0.671875 0.474609375 0.1875 0.25390625
8 0.484375 0.455078125 0.203125 0.27734375
8 0.150390625 0.478515625 0.13671875 0.30859375
8 0.095703125 0.576171875 0.18359375 0.16796875
8 0.970703125 0.513671875 0.19140625 0.11328125
19 0.7890625 0.400390625 0.6015625 0.16015625
19 0.11328125 0.490234375 0.21875 0.22265625
